Classification Report — resnet50
======================================================================
              precision    recall  f1-score   support

           0     1.0000    1.0000    1.0000        60
           1     0.9669    0.9722    0.9695       720
           2     0.9513    0.9640    0.9576       750
           3     0.9722    0.9311    0.9512       450
           4     0.9907    0.9636    0.9770       660
           5     0.9257    0.9492    0.9373       630
           6     1.0000    0.9133    0.9547       150
           7     0.9656    0.9978    0.9814       450
           8     0.9864    0.9644    0.9753       450
           9     0.9795    0.9938    0.9866       480
          10     0.9939    0.9939    0.9939       660
          11     0.9924    0.9357    0.9632       420
          12     0.9956    0.9855    0.9905       690
          13     0.9795    0.9972    0.9883       720
          14     0.9340    0.9963    0.9642       270
          15     1.0000    0.9714    0.9855       210
          16     0.9934    1.0000    0.9967       150
          17     0.9911    0.9306    0.9599       360
          18     0.9920    0.9590    0.9752       390
          19     0.7195    0.9833    0.8310        60
          20     0.9390    0.8556    0.8953        90
          21     0.6696    0.8556    0.7512        90
          22     0.9697    0.8000    0.8767       120
          23     0.8324    0.9933    0.9058       150
          24     0.9773    0.9556    0.9663        90
          25     0.9504    0.9583    0.9544       480
          26     0.9422    0.9056    0.9235       180
          27     0.9375    0.5000    0.6522        60
          28     0.9085    0.9933    0.9490       150
          29     0.9651    0.9222    0.9432        90
          30     0.8909    0.9800    0.9333       150
          31     0.9741    0.9741    0.9741       270
          32     1.0000    1.0000    1.0000        60
          33     1.0000    0.9429    0.9706       210
          34     0.9449    1.0000    0.9717       120
          35     0.9896    0.9744    0.9819       390
          36     0.9048    0.9500    0.9268       120
          37     0.8939    0.9833    0.9365        60
          38     0.9893    0.9420    0.9651       690
          39     0.9888    0.9778    0.9832        90
          40     0.7333    0.9778    0.8381        90
          41     0.7500    1.0000    0.8571        60
          42     0.9268    0.8444    0.8837        90

    accuracy                         0.9615     12630
   macro avg     0.9397    0.9462    0.9390     12630
weighted avg     0.9643    0.9615    0.9617     12630
