Classification Report — custom_cnn
======================================================================
              precision    recall  f1-score   support

           0     0.9677    1.0000    0.9836        60
           1     0.9917    1.0000    0.9959       720
           2     0.9987    0.9893    0.9940       750
           3     0.9867    0.9889    0.9878       450
           4     0.9985    0.9939    0.9962       660
           5     0.9857    0.9873    0.9865       630
           6     1.0000    0.9933    0.9967       150
           7     0.9933    0.9956    0.9945       450
           8     0.9978    0.9956    0.9967       450
           9     0.9917    1.0000    0.9959       480
          10     1.0000    0.9970    0.9985       660
          11     0.9856    0.9762    0.9809       420
          12     0.9957    1.0000    0.9978       690
          13     0.9986    0.9972    0.9979       720
          14     0.9926    1.0000    0.9963       270
          15     0.9952    0.9952    0.9952       210
          16     1.0000    1.0000    1.0000       150
          17     1.0000    0.9944    0.9972       360
          18     0.9974    0.9795    0.9884       390
          19     1.0000    1.0000    1.0000        60
          20     0.9474    1.0000    0.9730        90
          21     1.0000    0.9889    0.9944        90
          22     0.9908    0.9000    0.9432       120
          23     0.8475    1.0000    0.9174       150
          24     1.0000    1.0000    1.0000        90
          25     0.9561    0.9979    0.9766       480
          26     0.9667    0.9667    0.9667       180
          27     0.9143    0.5333    0.6737        60
          28     0.9671    0.9800    0.9735       150
          29     0.8654    1.0000    0.9278        90
          30     0.9609    0.8200    0.8849       150
          31     0.9963    0.9963    0.9963       270
          32     1.0000    1.0000    1.0000        60
          33     0.9905    0.9905    0.9905       210
          34     1.0000    1.0000    1.0000       120
          35     1.0000    1.0000    1.0000       390
          36     0.9917    1.0000    0.9959       120
          37     0.9836    1.0000    0.9917        60
          38     1.0000    0.9957    0.9978       690
          39     0.9778    0.9778    0.9778        90
          40     0.9778    0.9778    0.9778        90
          41     0.9831    0.9667    0.9748        60
          42     1.0000    1.0000    1.0000        90

    accuracy                         0.9885     12630
   macro avg     0.9813    0.9762    0.9771     12630
weighted avg     0.9889    0.9885    0.9882     12630
