Classification Report — vgg16
======================================================================
              precision    recall  f1-score   support

           0     1.0000    1.0000    1.0000        60
           1     0.9931    0.9986    0.9958       720
           2     0.9973    0.9933    0.9953       750
           3     0.9933    0.9867    0.9900       450
           4     0.9954    0.9879    0.9916       660
           5     0.9889    0.9889    0.9889       630
           6     1.0000    0.8933    0.9437       150
           7     0.9934    0.9978    0.9956       450
           8     0.9783    1.0000    0.9890       450
           9     0.9959    1.0000    0.9979       480
          10     1.0000    1.0000    1.0000       660
          11     0.9906    1.0000    0.9953       420
          12     1.0000    0.9899    0.9949       690
          13     0.9903    0.9972    0.9938       720
          14     0.9890    1.0000    0.9945       270
          15     0.9952    0.9905    0.9928       210
          16     1.0000    1.0000    1.0000       150
          17     1.0000    1.0000    1.0000       360
          18     0.9947    0.9641    0.9792       390
          19     0.9677    1.0000    0.9836        60
          20     1.0000    1.0000    1.0000        90
          21     0.8738    1.0000    0.9326        90
          22     1.0000    0.9917    0.9958       120
          23     0.9868    1.0000    0.9934       150
          24     0.9368    0.9889    0.9622        90
          25     0.9917    1.0000    0.9959       480
          26     0.9943    0.9667    0.9803       180
          27     1.0000    0.7667    0.8679        60
          28     0.9677    1.0000    0.9836       150
          29     1.0000    1.0000    1.0000        90
          30     0.9868    1.0000    0.9934       150
          31     1.0000    1.0000    1.0000       270
          32     0.9836    1.0000    0.9917        60
          33     0.9953    1.0000    0.9976       210
          34     0.9917    1.0000    0.9959       120
          35     1.0000    0.9795    0.9896       390
          36     0.9917    1.0000    0.9959       120
          37     0.9836    1.0000    0.9917        60
          38     0.9957    1.0000    0.9978       690
          39     0.9783    1.0000    0.9890        90
          40     0.9775    0.9667    0.9721        90
          41     1.0000    1.0000    1.0000        60
          42     0.9570    0.9889    0.9727        90

    accuracy                         0.9918     12630
   macro avg     0.9873    0.9869    0.9865     12630
weighted avg     0.9921    0.9918    0.9918     12630
